INLINE MagClassTable,Base Magic,Magic Growth,Magic Cap,Magic Promotion Bonus
None 0x00,0,0,0,0
Bulbasaur,5,30,35,5
Ivysaur,8,45,40,3
Venusaur,13,50,50,5
Charmander,5,35,35,0
Charmeleon,8,45,40,3
Charizard,13,50,50,5
Squirtle,5,30,35,0
Wartortle,7,40,40,2
Blastoise,11,45,50,4
Caterpie,1,10,20,0
Metapod,2,15,25,1
Butterfree,8,40,40,6
Weedle,1,5,10,0
Kakuna,1,10,15,0
Beedrill,2,10,20,1
Pidgey,4,30,30,2
Pigeotto,6,35,35,2
Pidgeot,9,40,45,3
Unused1,1,10,15,0
Unused2,1,10,15,0
Unused3,1,10,15,0
Unused4,1,10,15,0
Rattata,1,10,15,0
Raticate,3,15,25,2
Spearow,1,10,15,0
Fearow,4,20,30,3
Ekans,2,15,20,0
Arbok,5,25,30,3
Pikachu,6,35,35,1
Raichu,9,40,45,3
Sandshrew,3,20,25,0
Sandslash,5,20,30,2
Nidoran-F,2,20,25,0
Nidorina,4,25,30,2
Nidoqueen,7,30,40,3
Nidoran-M,3,25,30,0
Nidorino,5,30,35,2
Nidoking,10,40,45,5
Clefairy,5,30,35,0
Clefable,10,45,45,5
Vulpix,4,30,30,0
Ninetales,11,45,50,6
Jigglypuff,4,35,30,0
Wigglytuff,9,45,45,5
Zubat,1,10,15,0
Golbat,6,25,35,5
Oddish,6,45,35,0
Gloom,8,45,40,2
Vileplume,14,60,50,6
Paras,4,30,30,0
Parasect,7,35,40,3
GorgonEgg,0,5,10,0
Venonat,3,25,30,3
Venomoth,9,45,45,6
Diglett,2,15,25,0
Dugtrio,3,15,25,1
Meowth,2,15,20,0
Persian,5,20,30,3
Psyduck,5,35,35,0
Golduck,10,45,45,5
Mankey,1,10,15,0
Primeape,4,20,30,3
Growlithe,5,30,35,1
Arcanine,11,45,50,6
Poliwag,2,15,25,0
Poliwhirl,4,20,30,2
Poliwrath,7,30,40,3
Abra,7,55,40,0
Kadabra,12,70,50,5
Alakazam,17,85,55,5
Machop,1,10,15,0
Machoke,3,15,25,2
Machamp,5,20,30,2
Bellsprout,6,40,35,1
Weepinbell,8,45,40,2
Victreebel,11,50,45,3
Tentacool,5,30,35,0
Tentacruel,10,40,45,5
Geodude,1,10,15,0
Graveller,2,15,20,1
Phantom,1,10,15,0
Golem,3,15,25,2
Ponyta,6,30,35,3
Rapidash,7,30,40,1
Slowpoke,4,25,30,0
Slowbro,13,55,50,6
Magnemite,6,40,35,0
Magneton,15,70,50,6
Farfetchd,4,20,30,0
Doduo,1,10,15,0
Dodrio,4,20,30,3
Seel,3,20,25,0
Dewgong,7,30,40,4
Grimer,2,10,20,0
Unused5,1,10,15,0
Unused6,1,10,15,0
Unused7,1,10,15,0
GorgonEgg2,1,10,15,0
Unused8,1,10,15,0
Deathgoyle,1,10,15,0
DracoZombie,1,10,15,0
DemonKing,1,10,15,0
Unused8,1,10,15,0
Unused9,1,10,15,0
Unused10,1,10,15,0
Unused11,1,10,15,0
Unused12,1,10,15,0
Unused13,1,10,15,0
Civilian1,1,10,15,0
Civilian2,1,10,15,0
Civilian3,1,10,15,0
Civilian4,1,10,15,0
Civilian5,1,10,15,0
Unused14,1,10,15,0
Unused15,1,10,15,0
sfx,1,10,15,0
openball,1,10,15,0
pokeballred,1,10,15,0
pokeballgold,1,10,15,0
Unused16,1,10,15,0
platform,1,10,15,0
blank,1,10,15,0
Unused18,1,10,15,0
Bush,1,10,15,0
ElderBael,1,10,15,0
Journeyman,1,10,15,0
Pupil,1,10,15,0
Muk,4,15,25,3
Shellder,4,25,30,0
Cloyster,9,40,45,5
Gastly,7,55,40,0
Haunter,11,70,50,4
Gengar,17,80,55,6
Onix,1,5,10,0
Drowzee,3,15,25,2
Hypno,8,35,45,5
Krabby,3,20,25,0
Kingler,6,25,35,3
Voltorb,5,30,35,0
Electrode,9,40,45,4
Exeggcute,6,35,35,0
Exeggutor,18,70,55,6
Cubone,3,20,25,0
Marowak,4,20,30,1
Hitmonlee,1,5,15,0
Hitmonchan,1,5,15,0
Lickitung,4,25,30,3
Koffing,4,25,35,0
Weezing,8,35,45,4
Rhyhorn,1,10,15,0
Rhydon,3,10,20,2
Chansey,6,30,35,3
Tangela,11,55,45,5
Kangaskhan,2,10,15,0
Horsea,6,40,35,4
Seadra,10,45,45,4
Goldeen,3,20,25,0
Seaking,6,30,40,3
Staryu,6,35,35,0
Starmie,11,45,50,5
Mr. Mime,10,45,45,0
Scyther,4,15,25,0
Jynx,13,55,45,6
Electabuzz,10,45,45,0
Magmar,11,50,45,1
Pinsir,5,20,30,0
Tauros,4,15,25,0
Magikarp,1,5,10,0
Gyarados,4,15,25,3
Lapras,9,40,45,5
Ditto,3,20,30,0
Eevee,3,20,30,0
Vaporeon,14,55,50,6
Jolteon,14,55,55,0
Flareon,10,40,50,0
Porygon,9,45,40,0
Omanyte,7,45,40,0
Omastar,15,60,50,6
Kabuto,4,25,35,0
Kabutops,10,40,50,6
Aerodactyl,6,25,35,0
Snorlax,6,25,35,0
Articuno,10,40,50,4
Zapdos,18,70,60,6
Moltres,18,70,60,0
Dratini,3,20,30,0
Dragonair,6,30,35,3
Dragonite,11,45,55,5
Mewtwo,27,105,60,6
Mew,11,45,55,0
balding_manID,1,30,0,0
battle_girlID,1,45,0,0
beautyID,1,50,0,0
billID,1,35,0,0
blackbeltID,1,45,0,0
blueID,1,50,0,0
boyID,1,30,0,0
bug_catcherID,1,40,0,0
camperID,1,45,0,0
captainID,1,5,0,0
channelerID,1,15,0,0
chefID,1,40,0,0
cooltrainer_fID,1,5,0,0
fat_manID,1,10,0,0
fisherID,1,10,0,0
gentlemanID,1,15,0,0
hikerID,1,20,0,0
mrfujiID,3,35,0,0
bikerID,1,10,0,0
giovanniID,1,10,0,0
swimmer_f_land,1,10,0,0
swimmer_f_water,1,10,0,0
swimmer_m_land,1,10,0,0
swimmer_m_water,1,15,0,0
tuber_m_water,1,10,0,0
rockID,1,20,0,0
Unused2ID,3,15,0,0
puddleID,1,25,0,0
LoreleiID,1,35,0,0
BrunoID,1,40,0,0
AgathaID,1,15,0,0
LanceID,1,20,0,0
BrockID,1,15,0,0
MistyID,1,20,0,0
LtSurgeID,1,25,0,0
KogaID,1,15,0,0
ErikaID,1,20,0,0
SabrinaID,1,35,0,0
BlaineID,1,30,0,0
BrendanID,1,45,0,0
MayID,1,20,0,0
MomID,1,30,0,0
NurseID,1,20,0,0
ReceptionistID,1,40,0,0
ClerkID,1,10,0,0
ShedinjaID,1,10,15,1
SableyeID,8,35,45,6
MegaAlakazamID,22,105,60,6
MegaPidgeotID,21,85,60,0
MegaVenusaurID,23,90,60,2
MegaCharizardXID,22,90,60,0
MegaBlastoiseID,25,110,60,3
Unused69ID,1,15,0,0
Unused70ID,1,45,0,0
Unused71ID,1,15,0,0
Unused72ID,1,15,0,0
Unused73ID,1,15,0,0
Unused74ID,1,20,0,0
Unused75ID,1,35,0,0
Unused76ID,1,45,0,0
Unused77ID,1,10,0,0
Unused78ID,1,20,0,0
Unused79ID,1,35,0,0
SnagID,1,45,0,0
0xff,1,15,20,0
